Iteration	car	pt	walk
0	0.7818095351325645	0.2181904648674355	0.0
1	0.731137795743669	0.22887884912614434	0.03998335513018666
2	0.6882772559743193	0.23816430864344312	0.07355843538223755
3	0.6511948638687434	0.24652241112828438	0.1022827250029723
4	0.6195577220306742	0.2563428843181548	0.12409939365117109
5	0.5927951492093687	0.2620259184401379	0.1451789323504934
6	0.5699797883723695	0.26791106883842586	0.1621091427892046
7	0.5508500772797527	0.2734871002258947	0.17566282249435264
8	0.5324456069432886	0.2770895256212103	0.19046486743550112
9	0.5176316728094162	0.2816430864344311	0.20072524075615267
10	0.50486267982404	0.28497206039709905	0.21016525977886102
11	0.49445963619070266	0.28887171561051006	0.2166686481987873
12	0.48555463084056594	0.2905837593627393	0.2238616097966948
13	0.4763761740577815	0.2925930329330638	0.2310307930091547
14	0.4685887528236833	0.29615979075020804	0.23525145642610867
15	0.4607656640114136	0.2988110807276186	0.24042325526096778
16	0.45293068600642017	0.3010819165378671	0.24598739745571277
17	0.44754488170253237	0.3033051955772203	0.2491499227202473
18	0.4434906669837118	0.3059089287837356	0.2506004042325526
19	0.4406610391154441	0.3072761859469742	0.2520627749375817
20	0.43667815955296635	0.3084651052193556	0.25485673522767804
21	0.4323148258233266	0.3104149328260611	0.25727024135061227
22	0.43059089287837354	0.31062893829508975	0.2587801688265367
23	0.4293544168350969	0.3119843062656046	0.2586612768992985
24	0.42789204613006776	0.3117584116038521	0.26034954226608015
25	0.4277255974319344	0.31456426108667224	0.25771014148139343
26	0.4271668053739151	0.3161336345262157	0.2566995600998692
27	0.4273570324574961	0.31801212697657827	0.25463084056592555
28	0.4260492212578766	0.32078230888122694	0.2531684698608965
29	0.4264653430032101	0.3220782308881227	0.2514564261086672
30	0.4300321008203543	0.3217453334918559	0.2482225656877898
31	0.43177981215075495	0.3224230174771133	0.24579717037213172
32	0.43296873142313635	0.3227796932588277	0.2442515753180359
33	0.43604803233860423	0.3231958150041612	0.24075615265723457
34	0.43916300083224347	0.3235881583640471	0.23724884080370942
35	0.4406610391154441	0.32482463440732373	0.2345143264772322
36	0.4451908215432172	0.3256212103198193	0.2291879681369635
37	0.45002972298180954	0.3249554155272857	0.22501486149090477
38	0.45255023183925813	0.3250386398763524	0.2224111282843895
39	0.45540363809297346	0.32450362620378076	0.22009273570324575
40	0.460230650338842	0.3246344073237427	0.21513494233741529
41	0.46486743550112947	0.3237427178694567	0.21138984662941387
42	0.46808940672928306	0.3246938532873618	0.20721673998335513
43	0.47295208655332305	0.32390916656759006	0.20313874687908692
44	0.47669718226132446	0.32349304482225655	0.19980977291641897
45	0.4803114968493639	0.3234098204731899	0.1962786826774462
46	0.4838306978956129	0.324039947687552	0.1921293544168351
47	0.4878373558435382	0.322185233622637	0.18997741053382475
48	0.489834740221139	0.32237546070621803	0.18778979907264295
49	0.49385328736178813	0.32301747711330403	0.18312923552490787
50	0.4959220068957318	0.3233741528950184	0.1807038402092498
51	0.4995125430983236	0.3231007014623707	0.17738675543930568
52	0.5044941148496017	0.32144810367376053	0.17405778147663772
53	0.5069432885507074	0.32094875757936037	0.17210795386993225
54	0.5101533705861372	0.32153132802282725	0.16831530139103554
55	0.5141838069195102	0.3211389846629414	0.16467720841754846
56	0.5174176673403876	0.32093686838663654	0.16164546427297585
57	0.5204256330995125	0.32111520627749374	0.1584591606229937
58	0.5237546070621805	0.3197241707288075	0.15652122220901202
59	0.5245511829746761	0.3186184758054928	0.15683034121983117
60	0.5284270598026394	0.31871358934728333	0.1528593508500773
61	0.5311496849363928	0.3180240161693021	0.15082629889430507
62	0.5337890857210795	0.317072880751397	0.14913803352752347
63	0.5355843538223755	0.31727499702770184	0.14714064914992273
64	0.5390322197122815	0.31645464272975865	0.1445131375579598
65	0.5420639638568541	0.31437403400309116	0.14356200214005468
66	0.5437165616454642	0.3149566044465581	0.14132683390797765
67	0.5454404945904173	0.31493282606111045	0.13962667934847223
68	0.548079895375104	0.3144334799667103	0.1374866246581857
69	0.5513494233741529	0.31450481512305317	0.13414576150279395
70	0.5521578884793723	0.31363690405421474	0.13420520746641304
71	0.5525383426465343	0.31423136369040544	0.13323029366306027
72	0.5564736654381167	0.31322078230888123	0.13030555225300203
73	0.5577458090595648	0.31278088217810013	0.12947330876233504
74	0.5577695874450125	0.3135417905124242	0.12868862204256332
75	0.5593389608845559	0.31205564142194747	0.1286053976934966
76	0.5609202235168232	0.31174652241112827	0.1273332540720485
77	0.5618713589347283	0.3116038520984425	0.12652478896682914
78	0.5632623944834145	0.3111758411603852	0.1255617643562002
79	0.566044465580787	0.3077279752704791	0.1262275591487338
80	0.5664605873261206	0.30796575912495544	0.12557365354892402
81	0.5694685530852455	0.3074664130305552	0.12306503388419926
82	0.5708952562121032	0.3045773391986684	0.1245274045892284
83	0.5714659374628462	0.30510046367851623	0.1234335988586375
84	0.5737367732730948	0.30554036380929733	0.12072286291760789
85	0.5743906788729045	0.30546902865295444	0.120140292474141
86	0.5747354654618951	0.30486267982404	0.12040185471406492
87	0.5756747116870764	0.30565925573653546	0.11866603257638807
88	0.5761621685887528	0.30428010938057304	0.11955772203067412
89	0.5789680180715729	0.30366187135893474	0.11737011056949233
90	0.5777790987991915	0.3051242420639639	0.11709665913684461
91	0.5792533586969445	0.30399476875520154	0.116751872547854
92	0.5791939127333254	0.3039709903697539	0.1168350968969207
93	0.5794435857805255	0.3041255498751635	0.11643086434431102
94	0.5812982998454405	0.302686957555582	0.11601474259897752
95	0.5828557840922601	0.3027939602900963	0.11435025561764356
96	0.5834978004993461	0.3029722981809535	0.1135299013197004
97	0.5837355843538223	0.3024610628938295	0.11380335275234811
98	0.5856616335750803	0.3022946141956961	0.11204375222922364
99	0.5848888360480323	0.3025205088574486	0.11259065509451908
100	0.5857686363095945	0.30233028177386756	0.11190108191653787
101	0.5869932231601475	0.30095113541790514	0.11205564142194745
102	0.5869813339674236	0.30097491380335273	0.11204375222922364
103	0.58631553917489	0.3014623707050291	0.11222209012008084
104	0.5871002258946617	0.30046367851622874	0.1124360955891095
105	0.5872666745927951	0.30004755677089523	0.1126857686363096
106	0.5894423968612531	0.29802639400784686	0.1125312091309
107	0.5892759481631197	0.2985970752585899	0.11212697657829034
108	0.5892997265485673	0.29958387825466654	0.11111639519676614
109	0.5900011889192723	0.2984187373677327	0.11158007371299489
110	0.5897515158720723	0.29906075377481867	0.11118773035310903
111	0.5893116157412912	0.29979788372369515	0.11089050053501368
112	0.5903221971228153	0.29946498632742835	0.11021281654975627
113	0.5897158482939009	0.29869218880038045	0.1115919629057187
114	0.5903697538937106	0.29920342408750444	0.11042682201878493
115	0.591047437878968	0.29887052669123765	0.11008203542979432
116	0.5908334324099394	0.298335513018666	0.1108310545713946
117	0.5921412436095589	0.29839495898228513	0.10946379740815598
118	0.5917251218642254	0.29827606705504695	0.10999881108072762
119	0.5905124242063964	0.300511235287124	0.10897634050647961
120	0.5914873380097492	0.3004042325526097	0.10810842943764118
121	0.5915467839733682	0.29980977291641897	0.10864344311021282
122	0.5923195815004161	0.2984900725240756	0.10919034597550827
123	0.5934252764237308	0.29835929140411366	0.10821543217215551
124	0.5924622518131019	0.2993817619783617	0.10815598620853643
125	0.592711924860302	0.2987159671858281	0.10857210795386993
126	0.5935917251218642	0.2972654856735228	0.10914278920461301
127	0.5929140411366068	0.2990131970039234	0.10807276185946975
128	0.5946023065033884	0.2978956128878849	0.10750208060872667
129	0.5932350493401498	0.29828795624777077	0.10847699441207942
130	0.5924741410058257	0.2990488645820949	0.10847699441207942
131	0.5936155035073118	0.29775294257519913	0.10863155391748901
132	0.5953513256449887	0.2976697182261324	0.10697895612887885
133	0.5953869932231601	0.29699203424087506	0.10762097253596481
134	0.594435857805255	0.2972654856735228	0.10829865652122221
135	0.5965640233028178	0.2955177743431221	0.10791820235406016
136	0.593865176554512	0.29673047200095115	0.10940435144453692
137	0.5945309713470456	0.2969682558554274	0.10850077279752705
138	0.5942575199143978	0.29687314231363693	0.10886933777196528
139	0.5960765664011414	0.2963619070265129	0.10756152657234573
140	0.5945547497324931	0.2973011532516942	0.10814409701581262
141	0.5955177743431221	0.2980382832005707	0.10644394245630721
142	0.5970039234335989	0.297634050647961	0.10536202591844014
143	0.595589109499465	0.2972060397099037	0.10720485079063131
144	0.5958982285102842	0.29687314231363693	0.10722862917607895
145	0.5972060397099037	0.295779336583046	0.1070146237070503
146	0.5951610985614076	0.2971941505171799	0.10764475092141243
147	0.5968255855427417	0.29580311496849365	0.10737129948876471
148	0.596421352990132	0.29579122577576983	0.10778742123409821
149	0.5956842230412555	0.29675425038639874	0.10756152657234573
150	0.5970158126263226	0.2963024610628938	0.1066817263107835
